40 40 2
0.190476 0.285714 0.380952 0.476191 0.571429 0.666667 0.761905 0.857143 0.952381 1.04762 1.14286 1.2381 1.33333 1.42857 1.52381 1.61905 1.71429 1.80952 1.90476 2 2.09524 2 1.90476 1.80952 1.71429 1.61905 1.52381 1.42857 1.33333 1.2381 1.14286 1.04762 0.952381 0.857143 0.761905 0.666667 0.571429 0.476191 0.380952 0.285714 
0.285714 0.380952 0.476191 0.571429 0.666667 0.761905 0.857143 0.952381 1.04762 1.14286 1.2381 1.33333 1.42857 1.52381 1.61905 1.71429 1.80952 1.90476 2 2.09524 2.19048 2.09524 2 1.90476 1.80952 1.71429 1.61905 1.52381 1.42857 1.33333 1.2381 1.14286 1.04762 0.952381 0.857143 0.761905 0.666667 0.571429 0.476191 0.380952 
0.380952 0.476191 0.571429 0.666667 0.761905 0.857143 0.952381 1.04762 1.14286 1.2381 1.33333 1.42857 1.52381 1.61905 1.71429 1.80952 1.90476 2 2.09524 2.19048 2.28571 2.19048 2.09524 2 1.90476 1.80952 1.71429 1.61905 1.52381 1.42857 1.33333 1.2381 1.14286 1.04762 0.952381 0.857143 0.761905 0.666667 0.571429 0.476191 
0.476191 0.571429 0.666667 0.761905 0.857143 0.952381 1.04762 1.14286 1.2381 1.33333 1.42857 1.52381 1.61905 1.71429 1.80952 1.90476 2 2.09524 2.19048 2.28571 2.38095 2.28571 2.19048 2.09524 2 1.90476 1.80952 1.71429 1.61905 1.52381 1.42857 1.33333 1.2381 1.14286 1.04762 0.952381 0.857143 0.761905 0.666667 0.571429 
0.571429 0.666667 0.761905 0.857143 0.952381 1.04762 1.14286 1.2381 1.33333 1.42857 1.52381 1.61905 1.71429 1.80952 1.90476 2 2.09524 2.19048 2.28571 2.38095 2.47619 2.38095 2.28571 2.19048 2.09524 2 1.90476 1.80952 1.71429 1.61905 1.52381 1.42857 1.33333 1.2381 1.14286 1.04762 0.952381 0.857143 0.761905 0.666667 
0.666667 0.761905 0.857143 0.952381 1.04762 1.14286 1.2381 1.33333 1.42857 1.52381 1.61905 1.71429 1.80952 1.90476 2 2.09524 2.19048 2.28571 2.38095 2.47619 2.57143 2.47619 2.38095 2.28571 2.19048 2.09524 2 1.90476 1.80952 1.71429 1.61905 1.52381 1.42857 1.33333 1.2381 1.14286 1.04762 0.952381 0.857143 0.761905 
0.761905 0.857143 0.952381 1.04762 1.14286 1.2381 1.33333 1.42857 1.52381 1.61905 1.71429 1.80952 1.90476 2 2.09524 2.19048 2.28571 2.38095 2.47619 2.57143 2.66667 2.57143 2.47619 2.38095 2.28571 2.19048 2.09524 2 1.90476 1.80952 1.71429 1.61905 1.52381 1.42857 1.33333 1.2381 1.14286 1.04762 0.952381 0.857143 
0.857143 0.952381 1.04762 1.14286 1.2381 1.33333 1.42857 1.52381 1.61905 1.71429 1.80952 1.90476 2 2.09524 2.19048 2.28571 2.38095 2.47619 2.57143 2.66667 2.7619 2.66667 2.57143 2.47619 2.38095 2.28571 2.19048 2.09524 2 1.90476 1.80952 1.71429 1.61905 1.52381 1.42857 1.33333 1.2381 1.14286 1.04762 0.952381 
0.952381 1.04762 1.14286 1.2381 1.33333 1.42857 1.52381 1.61905 1.71429 1.80952 1.90476 2 2.09524 2.19048 2.28571 2.38095 2.47619 2.57143 2.66667 2.7619 2.85714 2.7619 2.66667 2.57143 2.47619 2.38095 2.28571 2.19048 2.09524 2 1.90476 1.80952 1.71429 1.61905 1.52381 1.42857 1.33333 1.2381 1.14286 1.04762 
1.04762 1.14286 1.2381 1.33333 1.42857 1.52381 1.61905 1.71429 1.80952 1.90476 2 2.09524 2.19048 2.28571 2.38095 2.47619 2.57143 2.66667 2.7619 2.85714 2.95238 2.85714 2.7619 2.66667 2.57143 2.47619 2.38095 2.28571 2.19048 2.09524 2 1.90476 1.80952 1.71429 1.61905 1.52381 1.42857 1.33333 1.2381 1.14286 
1.14286 1.2381 1.33333 1.42857 1.52381 1.61905 1.71429 1.80952 1.90476 2 2.09524 2.19048 2.28571 2.38095 2.47619 2.57143 2.66667 2.7619 2.85714 2.95238 3.04762 2.95238 2.85714 2.7619 2.66667 2.57143 2.47619 2.38095 2.28571 2.19048 2.09524 2 1.90476 1.80952 1.71429 1.61905 1.52381 1.42857 1.33333 1.2381 
1.2381 1.33333 1.42857 1.52381 1.61905 1.71429 1.80952 1.90476 2 2.09524 2.19048 2.28571 2.38095 2.47619 2.57143 2.66667 2.7619 2.85714 2.95238 3.04762 3.14286 3.04762 2.95238 2.85714 2.7619 2.66667 2.57143 2.47619 2.38095 2.28571 2.19048 2.09524 2 1.90476 1.80952 1.71429 1.61905 1.52381 1.42857 1.33333 
1.33333 1.42857 1.52381 1.61905 1.71429 1.80952 1.90476 2 2.09524 2.19048 2.28571 2.38095 2.47619 2.57143 2.66667 2.7619 2.85714 2.95238 3.04762 3.14286 3.2381 3.14286 3.04762 2.95238 2.85714 2.7619 2.66667 2.57143 2.47619 2.38095 2.28571 2.19048 2.09524 2 1.90476 1.80952 1.71429 1.61905 1.52381 1.42857 
1.42857 1.52381 1.61905 1.71429 1.80952 1.90476 2 2.09524 2.19048 2.28571 2.38095 2.47619 2.57143 2.66667 2.7619 2.85714 2.95238 3.04762 3.14286 3.2381 3.33333 3.2381 3.14286 3.04762 2.95238 2.85714 2.7619 2.66667 2.57143 2.47619 2.38095 2.28571 2.19048 2.09524 2 1.90476 1.80952 1.71429 1.61905 1.52381 
1.52381 1.61905 1.71429 1.80952 1.90476 2 2.09524 2.19048 2.28571 2.38095 2.47619 2.57143 2.66667 2.7619 2.85714 2.95238 3.04762 3.14286 3.2381 3.33333 3.42857 3.33333 3.2381 3.14286 3.04762 2.95238 2.85714 2.7619 2.66667 2.57143 2.47619 2.38095 2.28571 2.19048 2.09524 2 1.90476 1.80952 1.71429 1.61905 
1.61905 1.71429 1.80952 1.90476 2 2.09524 2.19048 2.28571 2.38095 2.47619 2.57143 2.66667 2.7619 2.85714 2.95238 3.04762 3.14286 3.2381 3.33333 3.42857 3.52381 3.42857 3.33333 3.2381 3.14286 3.04762 2.95238 2.85714 2.7619 2.66667 2.57143 2.47619 2.38095 2.28571 2.19048 2.09524 2 1.90476 1.80952 1.71429 
1.71429 1.80952 1.90476 2 2.09524 2.19048 2.28571 2.38095 2.47619 2.57143 2.66667 2.7619 2.85714 2.95238 3.04762 3.14286 3.2381 3.33333 3.42857 3.52381 3.61905 3.52381 3.42857 3.33333 3.2381 3.14286 3.04762 2.95238 2.85714 2.7619 2.66667 2.57143 2.47619 2.38095 2.28571 2.19048 2.09524 2 1.90476 1.80952 
1.80952 1.90476 2 2.09524 2.19048 2.28571 2.38095 2.47619 2.57143 2.66667 2.7619 2.85714 2.95238 3.04762 3.14286 3.2381 3.33333 3.42857 3.52381 3.61905 3.71429 3.61905 3.52381 3.42857 3.33333 3.2381 3.14286 3.04762 2.95238 2.85714 2.7619 2.66667 2.57143 2.47619 2.38095 2.28571 2.19048 2.09524 2 1.90476 
1.90476 2 2.09524 2.19048 2.28571 2.38095 2.47619 2.57143 2.66667 2.7619 2.85714 2.95238 3.04762 3.14286 3.2381 3.33333 3.42857 3.52381 3.61905 3.71429 3.80952 3.71429 3.61905 3.52381 3.42857 3.33333 3.2381 3.14286 3.04762 2.95238 2.85714 2.7619 2.66667 2.57143 2.47619 2.38095 2.28571 2.19048 2.09524 2 
2 2.09524 2.19048 2.28571 2.38095 2.47619 2.57143 2.66667 2.7619 2.85714 2.95238 3.04762 3.14286 3.2381 3.33333 3.42857 3.52381 3.61905 3.71429 3.80952 3.90476 3.80952 3.71429 3.61905 3.52381 3.42857 3.33333 3.2381 3.14286 3.04762 2.95238 2.85714 2.7619 2.66667 2.57143 2.47619 2.38095 2.28571 2.19048 2.09524 
2.09524 2.19048 2.28571 2.38095 2.47619 2.57143 2.66667 2.7619 2.85714 2.95238 3.04762 3.14286 3.2381 3.33333 3.42857 3.52381 3.61905 3.71429 3.80952 3.90476 4 3.90476 3.80952 3.71429 3.61905 3.52381 3.42857 3.33333 3.2381 3.14286 3.04762 2.95238 2.85714 2.7619 2.66667 2.57143 2.47619 2.38095 2.28571 2.19048 
2 2.09524 2.19048 2.28571 2.38095 2.47619 2.57143 2.66667 2.7619 2.85714 2.95238 3.04762 3.14286 3.2381 3.33333 3.42857 3.52381 3.61905 3.71429 3.80952 3.90476 3.80952 3.71429 3.61905 3.52381 3.42857 3.33333 3.2381 3.14286 3.04762 2.95238 2.85714 2.7619 2.66667 2.57143 2.47619 2.38095 2.28571 2.19048 2.09524 
1.90476 2 2.09524 2.19048 2.28571 2.38095 2.47619 2.57143 2.66667 2.7619 2.85714 2.95238 3.04762 3.14286 3.2381 3.33333 3.42857 3.52381 3.61905 3.71429 3.80952 3.71429 3.61905 3.52381 3.42857 3.33333 3.2381 3.14286 3.04762 2.95238 2.85714 2.7619 2.66667 2.57143 2.47619 2.38095 2.28571 2.19048 2.09524 2 
1.80952 1.90476 2 2.09524 2.19048 2.28571 2.38095 2.47619 2.57143 2.66667 2.7619 2.85714 2.95238 3.04762 3.14286 3.2381 3.33333 3.42857 3.52381 3.61905 3.71429 3.61905 3.52381 3.42857 3.33333 3.2381 3.14286 3.04762 2.95238 2.85714 2.7619 2.66667 2.57143 2.47619 2.38095 2.28571 2.19048 2.09524 2 1.90476 
1.71429 1.80952 1.90476 2 2.09524 2.19048 2.28571 2.38095 2.47619 2.57143 2.66667 2.7619 2.85714 2.95238 3.04762 3.14286 3.2381 3.33333 3.42857 3.52381 3.61905 3.52381 3.42857 3.33333 3.2381 3.14286 3.04762 2.95238 2.85714 2.7619 2.66667 2.57143 2.47619 2.38095 2.28571 2.19048 2.09524 2 1.90476 1.80952 
1.61905 1.71429 1.80952 1.90476 2 2.09524 2.19048 2.28571 2.38095 2.47619 2.57143 2.66667 2.7619 2.85714 2.95238 3.04762 3.14286 3.2381 3.33333 3.42857 3.52381 3.42857 3.33333 3.2381 3.14286 3.04762 2.95238 2.85714 2.7619 2.66667 2.57143 2.47619 2.38095 2.28571 2.19048 2.09524 2 1.90476 1.80952 1.71429 
1.52381 1.61905 1.71429 1.80952 1.90476 2 2.09524 2.19048 2.28571 2.38095 2.47619 2.57143 2.66667 2.7619 2.85714 2.95238 3.04762 3.14286 3.2381 3.33333 3.42857 3.33333 3.2381 3.14286 3.04762 2.95238 2.85714 2.7619 2.66667 2.57143 2.47619 2.38095 2.28571 2.19048 2.09524 2 1.90476 1.80952 1.71429 1.61905 
1.42857 1.52381 1.61905 1.71429 1.80952 1.90476 2 2.09524 2.19048 2.28571 2.38095 2.47619 2.57143 2.66667 2.7619 2.85714 2.95238 3.04762 3.14286 3.2381 3.33333 3.2381 3.14286 3.04762 2.95238 2.85714 2.7619 2.66667 2.57143 2.47619 2.38095 2.28571 2.19048 2.09524 2 1.90476 1.80952 1.71429 1.61905 1.52381 
1.33333 1.42857 1.52381 1.61905 1.71429 1.80952 1.90476 2 2.09524 2.19048 2.28571 2.38095 2.47619 2.57143 2.66667 2.7619 2.85714 2.95238 3.04762 3.14286 3.2381 3.14286 3.04762 2.95238 2.85714 2.7619 2.66667 2.57143 2.47619 2.38095 2.28571 2.19048 2.09524 2 1.90476 1.80952 1.71429 1.61905 1.52381 1.42857 
1.2381 1.33333 1.42857 1.52381 1.61905 1.71429 1.80952 1.90476 2 2.09524 2.19048 2.28571 2.38095 2.47619 2.57143 2.66667 2.7619 2.85714 2.95238 3.04762 3.14286 3.04762 2.95238 2.85714 2.7619 2.66667 2.57143 2.47619 2.38095 2.28571 2.19048 2.09524 2 1.90476 1.80952 1.71429 1.61905 1.52381 1.42857 1.33333 
1.14286 1.2381 1.33333 1.42857 1.52381 1.61905 1.71429 1.80952 1.90476 2 2.09524 2.19048 2.28571 2.38095 2.47619 2.57143 2.66667 2.7619 2.85714 2.95238 3.04762 2.95238 2.85714 2.7619 2.66667 2.57143 2.47619 2.38095 2.28571 2.19048 2.09524 2 1.90476 1.80952 1.71429 1.61905 1.52381 1.42857 1.33333 1.2381 
1.04762 1.14286 1.2381 1.33333 1.42857 1.52381 1.61905 1.71429 1.80952 1.90476 2 2.09524 2.19048 2.28571 2.38095 2.47619 2.57143 2.66667 2.7619 2.85714 2.95238 2.85714 2.7619 2.66667 2.57143 2.47619 2.38095 2.28571 2.19048 2.09524 2 1.90476 1.80952 1.71429 1.61905 1.52381 1.42857 1.33333 1.2381 1.14286 
0.952381 1.04762 1.14286 1.2381 1.33333 1.42857 1.52381 1.61905 1.71429 1.80952 1.90476 2 2.09524 2.19048 2.28571 2.38095 2.47619 2.57143 2.66667 2.7619 2.85714 2.7619 2.66667 2.57143 2.47619 2.38095 2.28571 2.19048 2.09524 2 1.90476 1.80952 1.71429 1.61905 1.52381 1.42857 1.33333 1.2381 1.14286 1.04762 
0.857143 0.952381 1.04762 1.14286 1.2381 1.33333 1.42857 1.52381 1.61905 1.71429 1.80952 1.90476 2 2.09524 2.19048 2.28571 2.38095 2.47619 2.57143 2.66667 2.7619 2.66667 2.57143 2.47619 2.38095 2.28571 2.19048 2.09524 2 1.90476 1.80952 1.71429 1.61905 1.52381 1.42857 1.33333 1.2381 1.14286 1.04762 0.952381 
0.761905 0.857143 0.952381 1.04762 1.14286 1.2381 1.33333 1.42857 1.52381 1.61905 1.71429 1.80952 1.90476 2 2.09524 2.19048 2.28571 2.38095 2.47619 2.57143 2.66667 2.57143 2.47619 2.38095 2.28571 2.19048 2.09524 2 1.90476 1.80952 1.71429 1.61905 1.52381 1.42857 1.33333 1.2381 1.14286 1.04762 0.952381 0.857143 
0.666667 0.761905 0.857143 0.952381 1.04762 1.14286 1.2381 1.33333 1.42857 1.52381 1.61905 1.71429 1.80952 1.90476 2 2.09524 2.19048 2.28571 2.38095 2.47619 2.57143 2.47619 2.38095 2.28571 2.19048 2.09524 2 1.90476 1.80952 1.71429 1.61905 1.52381 1.42857 1.33333 1.2381 1.14286 1.04762 0.952381 0.857143 0.761905 
0.571429 0.666667 0.761905 0.857143 0.952381 1.04762 1.14286 1.2381 1.33333 1.42857 1.52381 1.61905 1.71429 1.80952 1.90476 2 2.09524 2.19048 2.28571 2.38095 2.47619 2.38095 2.28571 2.19048 2.09524 2 1.90476 1.80952 1.71429 1.61905 1.52381 1.42857 1.33333 1.2381 1.14286 1.04762 0.952381 0.857143 0.761905 0.666667 
0.476191 0.571429 0.666667 0.761905 0.857143 0.952381 1.04762 1.14286 1.2381 1.33333 1.42857 1.52381 1.61905 1.71429 1.80952 1.90476 2 2.09524 2.19048 2.28571 2.38095 2.28571 2.19048 2.09524 2 1.90476 1.80952 1.71429 1.61905 1.52381 1.42857 1.33333 1.2381 1.14286 1.04762 0.952381 0.857143 0.761905 0.666667 0.571429 
0.380952 0.476191 0.571429 0.666667 0.761905 0.857143 0.952381 1.04762 1.14286 1.2381 1.33333 1.42857 1.52381 1.61905 1.71429 1.80952 1.90476 2 2.09524 2.19048 2.28571 2.19048 2.09524 2 1.90476 1.80952 1.71429 1.61905 1.52381 1.42857 1.33333 1.2381 1.14286 1.04762 0.952381 0.857143 0.761905 0.666667 0.571429 0.476191 
0.285714 0.380952 0.476191 0.571429 0.666667 0.761905 0.857143 0.952381 1.04762 1.14286 1.2381 1.33333 1.42857 1.52381 1.61905 1.71429 1.80952 1.90476 2 2.09524 2.19048 2.09524 2 1.90476 1.80952 1.71429 1.61905 1.52381 1.42857 1.33333 1.2381 1.14286 1.04762 0.952381 0.857143 0.761905 0.666667 0.571429 0.476191 0.380952 

0.190476 0.285714 0.380952 0.476191 0.571429 0.666667 0.761905 0.857143 0.952381 1.04762 1.14286 1.2381 1.33333 1.42857 1.52381 1.61905 1.71429 1.80952 1.90476 2 2.09524 2 1.90476 1.80952 1.71429 1.61905 1.52381 1.42857 1.33333 1.2381 1.14286 1.04762 0.952381 0.857143 0.761905 0.666667 0.571429 0.476191 0.380952 0.285714 
0.285714 0.380952 0.476191 0.571429 0.666667 0.761905 0.857143 0.952381 1.04762 1.14286 1.2381 1.33333 1.42857 1.52381 1.61905 1.71429 1.80952 1.90476 2 2.09524 2.19048 2.09524 2 1.90476 1.80952 1.71429 1.61905 1.52381 1.42857 1.33333 1.2381 1.14286 1.04762 0.952381 0.857143 0.761905 0.666667 0.571429 0.476191 0.380952 
0.380952 0.476191 0.571429 0.666667 0.761905 0.857143 0.952381 1.04762 1.14286 1.2381 1.33333 1.42857 1.52381 1.61905 1.71429 1.80952 1.90476 2 2.09524 2.19048 2.28571 2.19048 2.09524 2 1.90476 1.80952 1.71429 1.61905 1.52381 1.42857 1.33333 1.2381 1.14286 1.04762 0.952381 0.857143 0.761905 0.666667 0.571429 0.476191 
0.476191 0.571429 0.666667 0.761905 0.857143 0.952381 1.04762 1.14286 1.2381 1.33333 1.42857 1.52381 1.61905 1.71429 1.80952 1.90476 2 2.09524 2.19048 2.28571 2.38095 2.28571 2.19048 2.09524 2 1.90476 1.80952 1.71429 1.61905 1.52381 1.42857 1.33333 1.2381 1.14286 1.04762 0.952381 0.857143 0.761905 0.666667 0.571429 
0.571429 0.666667 0.761905 0.857143 0.952381 1.04762 1.14286 1.2381 1.33333 1.42857 1.52381 1.61905 1.71429 1.80952 1.90476 2 2.09524 2.19048 2.28571 2.38095 2.47619 2.38095 2.28571 2.19048 2.09524 2 1.90476 1.80952 1.71429 1.61905 1.52381 1.42857 1.33333 1.2381 1.14286 1.04762 0.952381 0.857143 0.761905 0.666667 
0.666667 0.761905 0.857143 0.952381 1.04762 1.14286 1.2381 1.33333 1.42857 1.52381 1.61905 1.71429 1.80952 1.90476 2 2.09524 2.19048 2.28571 2.38095 2.47619 2.57143 2.47619 2.38095 2.28571 2.19048 2.09524 2 1.90476 1.80952 1.71429 1.61905 1.52381 1.42857 1.33333 1.2381 1.14286 1.04762 0.952381 0.857143 0.761905 
0.761905 0.857143 0.952381 1.04762 1.14286 1.2381 1.33333 1.42857 1.52381 1.61905 1.71429 1.80952 1.90476 2 2.09524 2.19048 2.28571 2.38095 2.47619 2.57143 2.66667 2.57143 2.47619 2.38095 2.28571 2.19048 2.09524 2 1.90476 1.80952 1.71429 1.61905 1.52381 1.42857 1.33333 1.2381 1.14286 1.04762 0.952381 0.857143 
0.857143 0.952381 1.04762 1.14286 1.2381 1.33333 1.42857 1.52381 1.61905 1.71429 1.80952 1.90476 2 2.09524 2.19048 2.28571 2.38095 2.47619 2.57143 2.66667 2.7619 2.66667 2.57143 2.47619 2.38095 2.28571 2.19048 2.09524 2 1.90476 1.80952 1.71429 1.61905 1.52381 1.42857 1.33333 1.2381 1.14286 1.04762 0.952381 
0.952381 1.04762 1.14286 1.2381 1.33333 1.42857 1.52381 1.61905 1.71429 1.80952 1.90476 2 2.09524 2.19048 2.28571 2.38095 2.47619 2.57143 2.66667 2.7619 2.85714 2.7619 2.66667 2.57143 2.47619 2.38095 2.28571 2.19048 2.09524 2 1.90476 1.80952 1.71429 1.61905 1.52381 1.42857 1.33333 1.2381 1.14286 1.04762 
1.04762 1.14286 1.2381 1.33333 1.42857 1.52381 1.61905 1.71429 1.80952 1.90476 2 2.09524 2.19048 2.28571 2.38095 2.47619 2.57143 2.66667 2.7619 2.85714 2.95238 2.85714 2.7619 2.66667 2.57143 2.47619 2.38095 2.28571 2.19048 2.09524 2 1.90476 1.80952 1.71429 1.61905 1.52381 1.42857 1.33333 1.2381 1.14286 
1.14286 1.2381 1.33333 1.42857 1.52381 1.61905 1.71429 1.80952 1.90476 2 2.09524 2.19048 2.28571 2.38095 2.47619 2.57143 2.66667 2.7619 2.85714 2.95238 3.04762 2.95238 2.85714 2.7619 2.66667 2.57143 2.47619 2.38095 2.28571 2.19048 2.09524 2 1.90476 1.80952 1.71429 1.61905 1.52381 1.42857 1.33333 1.2381 
1.2381 1.33333 1.42857 1.52381 1.61905 1.71429 1.80952 1.90476 2 2.09524 2.19048 2.28571 2.38095 2.47619 2.57143 2.66667 2.7619 2.85714 2.95238 3.04762 3.14286 3.04762 2.95238 2.85714 2.7619 2.66667 2.57143 2.47619 2.38095 2.28571 2.19048 2.09524 2 1.90476 1.80952 1.71429 1.61905 1.52381 1.42857 1.33333 
1.33333 1.42857 1.52381 1.61905 1.71429 1.80952 1.90476 2 2.09524 2.19048 2.28571 2.38095 2.47619 2.57143 2.66667 2.7619 2.85714 2.95238 3.04762 3.14286 3.2381 3.14286 3.04762 2.95238 2.85714 2.7619 2.66667 2.57143 2.47619 2.38095 2.28571 2.19048 2.09524 2 1.90476 1.80952 1.71429 1.61905 1.52381 1.42857 
1.42857 1.52381 1.61905 1.71429 1.80952 1.90476 2 2.09524 2.19048 2.28571 2.38095 2.47619 2.57143 2.66667 2.7619 2.85714 2.95238 3.04762 3.14286 3.2381 3.33333 3.2381 3.14286 3.04762 2.95238 2.85714 2.7619 2.66667 2.57143 2.47619 2.38095 2.28571 2.19048 2.09524 2 1.90476 1.80952 1.71429 1.61905 1.52381 
1.52381 1.61905 1.71429 1.80952 1.90476 2 2.09524 2.19048 2.28571 2.38095 2.47619 2.57143 2.66667 2.7619 2.85714 2.95238 3.04762 3.14286 3.2381 3.33333 3.42857 3.33333 3.2381 3.14286 3.04762 2.95238 2.85714 2.7619 2.66667 2.57143 2.47619 2.38095 2.28571 2.19048 2.09524 2 1.90476 1.80952 1.71429 1.61905 
1.61905 1.71429 1.80952 1.90476 2 2.09524 2.19048 2.28571 2.38095 2.47619 2.57143 2.66667 2.7619 2.85714 2.95238 3.04762 3.14286 3.2381 3.33333 3.42857 3.52381 3.42857 3.33333 3.2381 3.14286 3.04762 2.95238 2.85714 2.7619 2.66667 2.57143 2.47619 2.38095 2.28571 2.19048 2.09524 2 1.90476 1.80952 1.71429 
1.71429 1.80952 1.90476 2 2.09524 2.19048 2.28571 2.38095 2.47619 2.57143 2.66667 2.7619 2.85714 2.95238 3.04762 3.14286 3.2381 3.33333 3.42857 3.52381 3.61905 3.52381 3.42857 3.33333 3.2381 3.14286 3.04762 2.95238 2.85714 2.7619 2.66667 2.57143 2.47619 2.38095 2.28571 2.19048 2.09524 2 1.90476 1.80952 
1.80952 1.90476 2 2.09524 2.19048 2.28571 2.38095 2.47619 2.57143 2.66667 2.7619 2.85714 2.95238 3.04762 3.14286 3.2381 3.33333 3.42857 3.52381 3.61905 3.71429 3.61905 3.52381 3.42857 3.33333 3.2381 3.14286 3.04762 2.95238 2.85714 2.7619 2.66667 2.57143 2.47619 2.38095 2.28571 2.19048 2.09524 2 1.90476 
1.90476 2 2.09524 2.19048 2.28571 2.38095 2.47619 2.57143 2.66667 2.7619 2.85714 2.95238 3.04762 3.14286 3.2381 3.33333 3.42857 3.52381 3.61905 3.71429 3.80952 3.71429 3.61905 3.52381 3.42857 3.33333 3.2381 3.14286 3.04762 2.95238 2.85714 2.7619 2.66667 2.57143 2.47619 2.38095 2.28571 2.19048 2.09524 2 
2 2.09524 2.19048 2.28571 2.38095 2.47619 2.57143 2.66667 2.7619 2.85714 2.95238 3.04762 3.14286 3.2381 3.33333 3.42857 3.52381 3.61905 3.71429 3.80952 3.90476 3.80952 3.71429 3.61905 3.52381 3.42857 3.33333 3.2381 3.14286 3.04762 2.95238 2.85714 2.7619 2.66667 2.57143 2.47619 2.38095 2.28571 2.19048 2.09524 
2.09524 2.19048 2.28571 2.38095 2.47619 2.57143 2.66667 2.7619 2.85714 2.95238 3.04762 3.14286 3.2381 3.33333 3.42857 3.52381 3.61905 3.71429 3.80952 3.90476 4 3.90476 3.80952 3.71429 3.61905 3.52381 3.42857 3.33333 3.2381 3.14286 3.04762 2.95238 2.85714 2.7619 2.66667 2.57143 2.47619 2.38095 2.28571 2.19048 
2 2.09524 2.19048 2.28571 2.38095 2.47619 2.57143 2.66667 2.7619 2.85714 2.95238 3.04762 3.14286 3.2381 3.33333 3.42857 3.52381 3.61905 3.71429 3.80952 3.90476 3.80952 3.71429 3.61905 3.52381 3.42857 3.33333 3.2381 3.14286 3.04762 2.95238 2.85714 2.7619 2.66667 2.57143 2.47619 2.38095 2.28571 2.19048 2.09524 
1.90476 2 2.09524 2.19048 2.28571 2.38095 2.47619 2.57143 2.66667 2.7619 2.85714 2.95238 3.04762 3.14286 3.2381 3.33333 3.42857 3.52381 3.61905 3.71429 3.80952 3.71429 3.61905 3.52381 3.42857 3.33333 3.2381 3.14286 3.04762 2.95238 2.85714 2.7619 2.66667 2.57143 2.47619 2.38095 2.28571 2.19048 2.09524 2 
1.80952 1.90476 2 2.09524 2.19048 2.28571 2.38095 2.47619 2.57143 2.66667 2.7619 2.85714 2.95238 3.04762 3.14286 3.2381 3.33333 3.42857 3.52381 3.61905 3.71429 3.61905 3.52381 3.42857 3.33333 3.2381 3.14286 3.04762 2.95238 2.85714 2.7619 2.66667 2.57143 2.47619 2.38095 2.28571 2.19048 2.09524 2 1.90476 
1.71429 1.80952 1.90476 2 2.09524 2.19048 2.28571 2.38095 2.47619 2.57143 2.66667 2.7619 2.85714 2.95238 3.04762 3.14286 3.2381 3.33333 3.42857 3.52381 3.61905 3.52381 3.42857 3.33333 3.2381 3.14286 3.04762 2.95238 2.85714 2.7619 2.66667 2.57143 2.47619 2.38095 2.28571 2.19048 2.09524 2 1.90476 1.80952 
1.61905 1.71429 1.80952 1.90476 2 2.09524 2.19048 2.28571 2.38095 2.47619 2.57143 2.66667 2.7619 2.85714 2.95238 3.04762 3.14286 3.2381 3.33333 3.42857 3.52381 3.42857 3.33333 3.2381 3.14286 3.04762 2.95238 2.85714 2.7619 2.66667 2.57143 2.47619 2.38095 2.28571 2.19048 2.09524 2 1.90476 1.80952 1.71429 
1.52381 1.61905 1.71429 1.80952 1.90476 2 2.09524 2.19048 2.28571 2.38095 2.47619 2.57143 2.66667 2.7619 2.85714 2.95238 3.04762 3.14286 3.2381 3.33333 3.42857 3.33333 3.2381 3.14286 3.04762 2.95238 2.85714 2.7619 2.66667 2.57143 2.47619 2.38095 2.28571 2.19048 2.09524 2 1.90476 1.80952 1.71429 1.61905 
1.42857 1.52381 1.61905 1.71429 1.80952 1.90476 2 2.09524 2.19048 2.28571 2.38095 2.47619 2.57143 2.66667 2.7619 2.85714 2.95238 3.04762 3.14286 3.2381 3.33333 3.2381 3.14286 3.04762 2.95238 2.85714 2.7619 2.66667 2.57143 2.47619 2.38095 2.28571 2.19048 2.09524 2 1.90476 1.80952 1.71429 1.61905 1.52381 
1.33333 1.42857 1.52381 1.61905 1.71429 1.80952 1.90476 2 2.09524 2.19048 2.28571 2.38095 2.47619 2.57143 2.66667 2.7619 2.85714 2.95238 3.04762 3.14286 3.2381 3.14286 3.04762 2.95238 2.85714 2.7619 2.66667 2.57143 2.47619 2.38095 2.28571 2.19048 2.09524 2 1.90476 1.80952 1.71429 1.61905 1.52381 1.42857 
1.2381 1.33333 1.42857 1.52381 1.61905 1.71429 1.80952 1.90476 2 2.09524 2.19048 2.28571 2.38095 2.47619 2.57143 2.66667 2.7619 2.85714 2.95238 3.04762 3.14286 3.04762 2.95238 2.85714 2.7619 2.66667 2.57143 2.47619 2.38095 2.28571 2.19048 2.09524 2 1.90476 1.80952 1.71429 1.61905 1.52381 1.42857 1.33333 
1.14286 1.2381 1.33333 1.42857 1.52381 1.61905 1.71429 1.80952 1.90476 2 2.09524 2.19048 2.28571 2.38095 2.47619 2.57143 2.66667 2.7619 2.85714 2.95238 3.04762 2.95238 2.85714 2.7619 2.66667 2.57143 2.47619 2.38095 2.28571 2.19048 2.09524 2 1.90476 1.80952 1.71429 1.61905 1.52381 1.42857 1.33333 1.2381 
1.04762 1.14286 1.2381 1.33333 1.42857 1.52381 1.61905 1.71429 1.80952 1.90476 2 2.09524 2.19048 2.28571 2.38095 2.47619 2.57143 2.66667 2.7619 2.85714 2.95238 2.85714 2.7619 2.66667 2.57143 2.47619 2.38095 2.28571 2.19048 2.09524 2 1.90476 1.80952 1.71429 1.61905 1.52381 1.42857 1.33333 1.2381 1.14286 
0.952381 1.04762 1.14286 1.2381 1.33333 1.42857 1.52381 1.61905 1.71429 1.80952 1.90476 2 2.09524 2.19048 2.28571 2.38095 2.47619 2.57143 2.66667 2.7619 2.85714 2.7619 2.66667 2.57143 2.47619 2.38095 2.28571 2.19048 2.09524 2 1.90476 1.80952 1.71429 1.61905 1.52381 1.42857 1.33333 1.2381 1.14286 1.04762 
0.857143 0.952381 1.04762 1.14286 1.2381 1.33333 1.42857 1.52381 1.61905 1.71429 1.80952 1.90476 2 2.09524 2.19048 2.28571 2.38095 2.47619 2.57143 2.66667 2.7619 2.66667 2.57143 2.47619 2.38095 2.28571 2.19048 2.09524 2 1.90476 1.80952 1.71429 1.61905 1.52381 1.42857 1.33333 1.2381 1.14286 1.04762 0.952381 
0.761905 0.857143 0.952381 1.04762 1.14286 1.2381 1.33333 1.42857 1.52381 1.61905 1.71429 1.80952 1.90476 2 2.09524 2.19048 2.28571 2.38095 2.47619 2.57143 2.66667 2.57143 2.47619 2.38095 2.28571 2.19048 2.09524 2 1.90476 1.80952 1.71429 1.61905 1.52381 1.42857 1.33333 1.2381 1.14286 1.04762 0.952381 0.857143 
0.666667 0.761905 0.857143 0.952381 1.04762 1.14286 1.2381 1.33333 1.42857 1.52381 1.61905 1.71429 1.80952 1.90476 2 2.09524 2.19048 2.28571 2.38095 2.47619 2.57143 2.47619 2.38095 2.28571 2.19048 2.09524 2 1.90476 1.80952 1.71429 1.61905 1.52381 1.42857 1.33333 1.2381 1.14286 1.04762 0.952381 0.857143 0.761905 
0.571429 0.666667 0.761905 0.857143 0.952381 1.04762 1.14286 1.2381 1.33333 1.42857 1.52381 1.61905 1.71429 1.80952 1.90476 2 2.09524 2.19048 2.28571 2.38095 2.47619 2.38095 2.28571 2.19048 2.09524 2 1.90476 1.80952 1.71429 1.61905 1.52381 1.42857 1.33333 1.2381 1.14286 1.04762 0.952381 0.857143 0.761905 0.666667 
0.476191 0.571429 0.666667 0.761905 0.857143 0.952381 1.04762 1.14286 1.2381 1.33333 1.42857 1.52381 1.61905 1.71429 1.80952 1.90476 2 2.09524 2.19048 2.28571 2.38095 2.28571 2.19048 2.09524 2 1.90476 1.80952 1.71429 1.61905 1.52381 1.42857 1.33333 1.2381 1.14286 1.04762 0.952381 0.857143 0.761905 0.666667 0.571429 
0.380952 0.476191 0.571429 0.666667 0.761905 0.857143 0.952381 1.04762 1.14286 1.2381 1.33333 1.42857 1.52381 1.61905 1.71429 1.80952 1.90476 2 2.09524 2.19048 2.28571 2.19048 2.09524 2 1.90476 1.80952 1.71429 1.61905 1.52381 1.42857 1.33333 1.2381 1.14286 1.04762 0.952381 0.857143 0.761905 0.666667 0.571429 0.476191 
0.285714 0.380952 0.476191 0.571429 0.666667 0.761905 0.857143 0.952381 1.04762 1.14286 1.2381 1.33333 1.42857 1.52381 1.61905 1.71429 1.80952 1.90476 2 2.09524 2.19048 2.09524 2 1.90476 1.80952 1.71429 1.61905 1.52381 1.42857 1.33333 1.2381 1.14286 1.04762 0.952381 0.857143 0.761905 0.666667 0.571429 0.476191 0.380952 

