40 40 2
3.85495 4.07991 3.96313 3.84702 3.8925 3.46595 3.48561 3.31294 3.45325 3.43666 3.29418 3.04367 3.23218 3.0158 2.76954 2.76106 2.73184 2.75847 2.46408 2.59353 2.36649 2.46354 2.46925 2.42666 2.30397 2.00467 2.20402 2.06403 2.05037 1.89594 1.6392 1.5864 1.72275 1.4528 1.48836 1.43347 1.46002 1.37858 1.14448 1.21898 
3.94584 4.0993 3.82861 3.65258 3.71961 3.6008 3.53653 3.5368 3.42213 3.40599 3.29172 3.31658 2.97821 3.03034 2.82898 2.74494 2.81933 2.6927 2.59756 2.50825 2.65063 2.41755 2.24514 2.4716 2.31749 2.26166 1.96266 2.0591 1.8011 1.68615 1.66492 1.52163 1.69011 1.47378 1.45346 1.32052 1.27343 1.34773 1.2726 1.12636 
3.96013 4.06679 4.00789 3.64177 3.65846 3.81672 3.37268 3.36531 3.5729 3.17027 3.35718 3.25052 3.04182 2.83405 2.75156 2.84034 2.70639 2.58588 2.71725 2.57081 2.44413 2.30059 2.30961 2.19612 2.21784 2.01608 2.21493 1.78765 1.97527 1.89721 1.62236 1.71295 1.52045 1.58427 1.27844 1.21837 1.21583 1.40972 1.02181 0.936486 
4.12451 3.97938 4.00502 3.75622 3.79716 3.44232 3.70218 3.44891 3.32463 3.30899 3.11894 3.18811 2.91562 2.95804 2.77336 2.8183 2.75011 2.65342 2.55459 2.59565 2.58905 2.48215 2.30296 2.45836 2.35567 2.03535 2.21647 1.85698 1.79011 1.9939 1.66135 1.59248 1.75884 1.71057 1.3275 1.51428 1.14567 1.2273 1.14257 1.03018 
3.99801 3.78303 3.79456 3.58878 3.52307 3.76382 3.74019 3.62075 3.41614 3.1804 3.195 2.97713 2.97776 3.11955 2.88614 2.99065 2.70692 2.82269 2.5325 2.48169 2.67536 2.28687 2.36438 2.33912 2.36191 1.94979 1.9013 1.79343 2.01 1.80266 1.65508 1.7438 1.65577 1.3302 1.64976 1.37935 1.12871 1.38807 1.15563 1.27229 
3.91184 3.8496 3.96783 3.90415 3.62535 3.49194 3.53929 3.50493 3.32372 3.23684 3.05701 3.00631 2.97074 2.91325 2.85738 2.90273 2.69824 2.69503 2.71697 2.71854 2.31282 2.29776 2.32628 2.31166 2.2553 1.95718 2.01638 2.08962 1.8989 1.62688 1.91382 1.80997 1.58089 1.39682 1.46697 1.37383 1.48897 1.1753 1.24639 1.10745 
3.93393 4.02239 4.03373 3.88275 3.74282 3.54998 3.56739 3.59105 3.21771 3.23473 3.32897 3.2876 2.94504 2.83022 2.89785 2.93347 2.60556 2.91687 2.52875 2.40445 2.5542 2.59178 2.1673 2.2492 2.18304 2.08201 2.01951 2.10054 2.04951 1.68238 1.8212 1.51866 1.66331 1.50548 1.42107 1.41485 1.45722 1.132 1.29442 0.897787 
4.16487 4.11483 3.96081 3.94741 3.77573 3.53506 3.53596 3.6084 3.35439 3.3338 3.12133 3.17602 3.24451 3.17823 2.8514 2.9978 2.85381 2.54447 2.61068 2.74518 2.6999 2.29421 2.47517 2.22637 2.05433 2.289 1.99747 2.17024 2.01293 1.85728 1.57951 1.48766 1.68668 1.61128 1.43565 1.53462 1.12379 1.06238 1.15593 1.25504 
3.98915 3.90742 3.97085 3.91229 3.73564 3.70325 3.42202 3.46917 3.57969 3.26014 3.41509 3.14061 3.2235 2.86283 2.82765 2.71964 2.60305 2.86916 2.62888 2.5727 2.62015 2.56409 2.54061 2.47347 2.2721 2.28089 2.10231 2.08771 1.72567 1.63577 1.87328 1.66794 1.47073 1.50157 1.41237 1.39838 1.40848 1.06798 1.27298 1.02586 
4.05022 3.81875 3.69824 3.69543 3.55791 3.52745 3.3862 3.3103 3.34606 3.37875 3.28054 3.3487 3.0619 2.88257 2.96542 2.98744 2.88281 2.68899 2.76822 2.44783 2.41297 2.34918 2.53008 2.15381 2.11285 2.11695 2.13518 1.98044 1.85826 1.95833 1.93013 1.57962 1.79712 1.37109 1.50219 1.52811 1.29444 1.29273 1.02668 1.03736 
4.0276 4.07433 3.98859 3.97056 3.85756 3.64914 3.50265 3.66936 3.51523 3.43026 3.39215 3.03026 3.09659 3.07945 2.76268 2.77307 2.90681 2.60076 2.47529 2.39813 2.32474 2.27684 2.28812 2.37507 2.00304 2.10102 1.86468 1.85214 1.87684 1.72801 1.59543 1.74037 1.71782 1.57867 1.31947 1.50441 1.3308 1.25383 0.969643 1.14708 
4.08991 4.10468 3.94374 3.93086 3.78816 3.47477 3.66008 3.40081 3.50123 3.19199 3.15375 3.19394 3.02234 2.88546 2.8519 2.67664 2.67821 2.52581 2.46698 2.49276 2.53058 2.49745 2.46061 2.27472 2.22324 2.04935 1.87279 1.78066 1.83439 1.83829 1.72673 1.55056 1.49973 1.4212 1.33379 1.24227 1.25252 1.2256 1.05178 1.08108 
3.90362 4.09258 3.99211 3.70253 3.60342 3.4541 3.55355 3.27815 3.27149 3.29239 3.12355 3.23323 3.02405 3.04244 2.99212 2.96487 2.86502 2.89426 2.81736 2.71801 2.30198 2.56528 2.46418 2.22877 2.14979 2.28132 2.01988 1.94205 1.76907 1.9307 1.69035 1.57005 1.70254 1.42096 1.57888 1.43248 1.44147 1.26353 0.985205 1.04335 
4.01563 3.73353 3.83171 3.97425 3.62221 3.68046 3.49419 3.52108 3.2103 3.17337 3.28172 3.2811 3.0787 3.17512 2.85179 2.88104 2.77807 2.89534 2.64073 2.71766 2.39922 2.3836 2.47554 2.26105 2.38106 2.24334 1.93133 1.82266 1.80931 1.64898 1.72336 1.54056 1.7461 1.56032 1.52353 1.26821 1.31374 1.16564 1.15748 1.05937 
4.01301 3.96787 3.85357 3.61142 3.52068 3.66095 3.51278 3.28795 3.23638 3.18153 3.17071 3.25294 2.97724 2.88447 3.07136 2.87378 2.93463 2.80565 2.68117 2.65821 2.35925 2.244 2.19154 2.24224 2.34685 2.21432 2.18017 1.81814 1.79152 1.66679 1.68636 1.59776 1.62079 1.58913 1.25419 1.52585 1.29735 1.34312 0.981941 1.07747 
4.08906 3.94097 3.97104 3.92013 3.83613 3.69609 3.6142 3.29157 3.23883 3.13569 3.37214 3.04772 3.10443 2.90009 2.97528 2.74008 2.82898 2.87376 2.62166 2.67825 2.62059 2.34963 2.47259 2.13588 2.37361 2.30793 1.85481 1.79492 1.88091 1.86806 1.80822 1.66448 1.68233 1.66448 1.32504 1.18726 1.31825 1.28913 1.15172 1.17714 
3.86155 4.03623 3.97194 3.62948 3.57214 3.82346 3.74498 3.42757 3.29844 3.20055 3.27361 3.0469 2.94175 2.96821 2.75323 3.03078 2.92973 2.85021 2.63458 2.71499 2.52021 2.3977 2.37749 2.3419 2.27008 2.18478 2.14847 2.13796 2.03417 1.99841 1.75175 1.86346 1.68399 1.71241 1.28363 1.44628 1.17496 1.1078 1.02564 1.2434 
3.92937 4.10536 3.98511 3.88657 3.8582 3.46757 3.62847 3.54327 3.52092 3.39872 3.364 3.31753 3.29472 3.10881 2.92712 3.03591 2.79654 2.75621 2.78325 2.62854 2.55763 2.44069 2.45735 2.44508 2.39462 1.92684 2.04758 1.79917 2.00108 1.87668 1.71137 1.50087 1.53907 1.56888 1.60982 1.18223 1.46296 1.13831 1.24185 0.953588 
3.85781 4.05371 3.82885 3.58433 3.65165 3.77052 3.58209 3.28057 3.59853 3.37277 3.05667 3.29286 3.24556 3.19112 3.1265 2.95749 2.92547 2.53327 2.57821 2.58228 2.6213 2.57089 2.18334 2.20649 2.07244 2.29109 1.99673 1.84048 1.7287 2.02354 1.79734 1.84603 1.52364 1.68026 1.38358 1.45117 1.2542 1.0891 1.29552 1.04283 
3.9057 4.02683 3.90811 3.9047 3.51418 3.55646 3.74595 3.35173 3.44146 3.1544 3.14301 3.31273 3.23886 2.9078 2.80479 2.77607 2.85169 2.68989 2.82371 2.44776 2.37924 2.3052 2.15953 2.35626 2.11371 2.01076 1.98234 2.06863 2.02353 1.80679 1.77713 1.67562 1.42826 1.5009 1.47688 1.41759 1.25531 1.36051 1.13314 1.02751 
4.04594 3.74155 4.00418 3.85678 3.62764 3.5696 3.41491 3.39303 3.31232 3.48347 3.33231 3.34038 3.06363 2.94835 3.0339 3.05529 2.9246 2.53304 2.48913 2.51514 2.34758 2.35004 2.47644 2.34932 2.15745 1.94955 2.20789 2.06891 1.87259 1.62705 1.92321 1.56577 1.40475 1.36072 1.57519 1.2842 1.26417 1.26135 1.13821 1.26915 
3.83641 3.86134 3.75125 3.87782 3.66208 3.55892 3.67531 3.34038 3.49366 3.2443 3.18881 3.09975 3.285 2.87559 2.75535 2.92785 2.63043 2.80517 2.65923 2.73339 2.44777 2.28236 2.53275 2.44505 2.25449 2.05478 2.18263 1.86721 2.04825 1.7709 1.93811 1.4789 1.45517 1.66489 1.58405 1.35891 1.24517 1.19726 1.13974 0.880676 
3.83452 3.88691 4.02424 3.88555 3.83888 3.72077 3.60174 3.52249 3.37385 3.40249 3.30727 3.27607 3.06002 3.15413 2.95892 2.79775 2.65826 2.81555 2.65847 2.5272 2.62514 2.39326 2.22785 2.09987 2.08668 2.20715 1.9377 1.85098 1.99715 1.80676 1.75123 1.72002 1.63106 1.48323 1.44285 1.23092 1.39294 1.17243 1.06921 1.06725 
3.91228 3.96425 3.92991 3.9533 3.57968 3.6805 3.72154 3.36988 3.3279 3.32498 3.12594 3.17345 3.09315 3.1399 3.03235 2.6945 2.94367 2.56793 2.68917 2.6002 2.59994 2.33018 2.18542 2.36435 2.29939 2.22314 2.01536 1.92271 1.73147 1.90797 1.77401 1.66839 1.41775 1.65052 1.63662 1.22994 1.29162 1.31139 1.03757 0.944052 
3.8425 3.91792 3.7373 3.7418 3.7074 3.63981 3.74517 3.47008 3.48254 3.47886 3.14267 3.32379 3.09606 3.10935 2.95622 2.99786 2.99742 2.62599 2.83004 2.60797 2.55534 2.52987 2.45448 2.42655 2.14102 2.13542 2.20905 1.7928 1.8567 1.69405 1.87028 1.74121 1.78745 1.62365 1.41482 1.22694 1.3513 1.24394 1.18946 1.22421 
3.88599 4.01109 3.88838 3.58223 3.8296 3.52798 3.70811 3.36644 3.33144 3.20122 3.17259 2.99775 2.95012 2.95169 3.11359 2.89486 2.60807 2.91822 2.60183 2.54963 2.65299 2.46729 2.41575 2.29306 2.00464 2.1974 2.22319 2.14422 1.70323 1.64224 1.67169 1.72476 1.55066 1.35535 1.64547 1.52995 1.19255 1.209 1.06562 1.04742 
3.84341 4.02835 3.82732 3.90114 3.75052 3.59487 3.6239 3.36418 3.52396 3.43579 3.10766 3.30243 3.26646 3.0631 3.0519 2.69292 2.63318 2.55027 2.78714 2.62614 2.53377 2.23851 2.50941 2.2769 2.14982 2.17136 2.06964 1.89216 1.79497 1.84793 1.76317 1.77009 1.4245 1.52949 1.51172 1.40846 1.37583 1.3317 1.17416 1.21501 
4.13316 4.04279 3.97159 3.6184 3.57152 3.50578 3.40537 3.54467 3.57377 3.31914 3.31257 3.28372 3.22434 3.19401 3.07521 3.03489 2.67802 2.5976 2.52555 2.50927 2.64914 2.28016 2.26636 2.11812 2.00148 2.06359 1.86274 2.12633 1.98108 1.92459 1.80479 1.85623 1.73222 1.71537 1.45333 1.4278 1.40884 1.18051 1.24005 1.25149 
4.11476 4.1112 3.92842 3.72647 3.66111 3.5544 3.50529 3.51753 3.43198 3.29076 3.1899 3.34155 2.963 2.84668 3.0335 2.85181 2.9824 2.62301 2.76398 2.53919 2.40284 2.27194 2.4597 2.17669 2.14313 2.30833 2.04512 1.83537 1.93505 1.97466 1.6792 1.48461 1.66727 1.70872 1.60306 1.22741 1.34391 1.29933 1.24352 0.997965 
4.07749 3.89022 4.02452 3.74445 3.65054 3.68887 3.51828 3.53523 3.25511 3.49135 3.44798 3.05862 3.01525 3.11088 2.78768 2.88848 2.70048 2.8569 2.4978 2.38418 2.34631 2.4288 2.45981 2.2507 2.12846 2.18341 1.89593 2.02051 1.84283 1.71282 1.55129 1.67269 1.63515 1.61504 1.4613 1.37308 1.35703 1.37137 1.09565 0.927268 
4.10847 4.0531 3.88949 3.62868 3.51781 3.54513 3.60891 3.67125 3.57402 3.43604 3.13658 3.04512 3.1475 3.16711 3.10471 3.04794 2.69897 2.70785 2.71747 2.54581 2.59484 2.43882 2.51313 2.32735 2.21107 2.14259 1.88437 1.79041 1.76466 1.84987 1.71936 1.56908 1.65641 1.59969 1.6243 1.34043 1.12997 1.27041 1.18537 1.11782 
3.99133 3.97007 3.80335 3.76273 3.73108 3.48627 3.56694 3.34874 3.50931 3.12842 3.41701 3.21684 3.15147 3.11543 2.78824 2.7179 2.60554 2.73288 2.82651 2.53369 2.42235 2.56788 2.31115 2.11346 2.34349 2.12493 1.91917 2.05411 1.72636 1.85518 1.72896 1.855 1.7699 1.69025 1.6459 1.19826 1.49889 1.37913 1.20081 0.91385 
3.85411 3.85792 3.69555 3.65189 3.82465 3.65377 3.69623 3.48769 3.24195 3.39124 3.36808 3.07098 3.04065 2.87324 2.87678 2.85312 2.65342 2.7912 2.7329 2.38627 2.32796 2.27368 2.5372 2.08359 2.28013 2.0852 2.01255 1.82093 1.85758 1.71813 1.74339 1.58766 1.48328 1.6677 1.63641 1.43634 1.4353 1.41601 1.21678 1.21675 
3.82643 3.9415 3.95986 3.87086 3.65214 3.66679 3.6379 3.55893 3.21667 3.4342 3.26751 3.19793 2.9917 2.94087 3.02742 3.05546 2.82616 2.72409 2.4889 2.48115 2.68929 2.58302 2.40384 2.45687 2.11741 1.96547 2.0462 2.17368 1.94413 1.65046 1.63564 1.86257 1.72964 1.46847 1.2904 1.29829 1.47066 1.25291 0.976525 0.94192 
3.96585 3.96326 3.69091 3.85574 3.77768 3.78294 3.58768 3.30952 3.20514 3.4515 3.07173 3.11406 2.92125 3.16711 2.76033 2.72373 2.84639 2.90135 2.80616 2.71579 2.50347 2.61484 2.20375 2.30771 2.32536 2.00874 1.8745 1.95863 2.0604 1.86703 1.65425 1.71656 1.41584 1.68451 1.47769 1.29737 1.40781 1.27309 1.32037 1.19213 
4.01488 3.75955 3.78459 3.76865 3.75447 3.76479 3.70623 3.4189 3.23864 3.47526 3.26994 3.10944 3.24973 2.85847 2.83441 2.71706 2.85461 2.79267 2.73715 2.42553 2.61532 2.25848 2.21487 2.35921 2.01319 2.09861 2.18974 2.07912 1.74907 1.637 1.5917 1.59798 1.54409 1.56723 1.43036 1.38052 1.11764 1.39276 1.07341 1.13171 
3.90273 3.85721 3.91712 3.69047 3.74584 3.68294 3.50267 3.47946 3.53696 3.37246 3.05641 3.35598 3.17121 2.97401 3.09893 2.76453 2.85925 2.60475 2.52496 2.66486 2.33932 2.34811 2.45841 2.21759 2.13831 2.07095 2.11276 1.89879 1.75682 1.96963 1.61641 1.80818 1.69221 1.55011 1.54911 1.40963 1.17571 1.36681 0.966171 1.1879 
3.86082 3.91463 3.74687 3.90514 3.66038 3.81095 3.56498 3.33728 3.2113 3.48029 3.12621 3.28095 3.19484 3.06175 2.89416 2.90355 2.73087 2.80815 2.72924 2.61285 2.62746 2.44455 2.40399 2.13833 2.32772 2.20413 2.15879 1.93976 2.06431 1.94534 1.74738 1.79454 1.73965 1.5473 1.58741 1.21885 1.25619 1.40992 1.04133 1.14039 
4.00486 3.7736 3.76651 3.75304 3.88334 3.80986 3.4272 3.47604 3.59678 3.24364 3.16088 3.23419 2.91028 2.89565 2.98345 2.68915 2.84867 2.6917 2.6907 2.77262 2.41392 2.26541 2.48255 2.28501 2.35709 2.02126 1.96031 1.77775 1.81988 1.83919 1.9172 1.66921 1.65972 1.53488 1.52304 1.37798 1.43898 1.11122 1.21581 1.08707 
4.173 4.07992 4.00297 3.94952 3.84436 3.59915 3.41361 3.5235 3.55024 3.24216 3.30574 3.02074 2.98286 2.97919 3.00524 2.78383 2.98505 2.55672 2.66585 2.48161 2.53586 2.471 2.4629 2.13344 2.03405 2.11251 2.00703 2.11944 1.77125 1.73451 1.89628 1.51071 1.75075 1.43073 1.47443 1.43238 1.28143 1.41634 1.1493 0.909014 

4.15764 3.83539 3.95126 3.83548 3.81805 3.73665 3.65512 3.47184 3.53431 3.48563 3.30656 2.99898 3.14648 3.14994 3.05033 2.93794 2.75804 2.60621 2.49626 2.4109 2.49081 2.37625 2.15403 2.23104 2.05517 2.23161 2.14668 1.78647 1.72652 1.99346 1.92971 1.47675 1.62015 1.43721 1.30297 1.20958 1.10383 1.18027 1.24077 1.06849 
4.03769 3.92415 3.92682 3.86227 3.80768 3.77743 3.37409 3.52751 3.58418 3.37493 3.31557 3.158 3.1377 3.099 2.7966 3.03203 2.67533 2.55184 2.74196 2.75609 2.54555 2.57309 2.40162 2.43133 2.3592 2.03529 2.2375 1.78002 2.08458 1.81146 1.81159 1.73116 1.7485 1.60309 1.49324 1.3604 1.16256 1.11915 0.992285 1.23446 
4.14313 3.83982 3.78105 3.91572 3.51727 3.6072 3.39198 3.37084 3.37063 3.15063 3.0995 3.28793 3.23361 3.15268 2.90224 2.80524 2.68598 2.60405 2.57722 2.61572 2.40809 2.44703 2.38327 2.26715 2.21371 2.18044 2.06491 2.0026 1.97819 1.81804 1.63497 1.79171 1.53353 1.57397 1.31682 1.48584 1.1853 1.16802 1.15213 0.985294 
4.04218 3.9041 3.81476 3.67635 3.63735 3.65265 3.60103 3.64428 3.3076 3.45971 3.3041 3.21808 2.98109 3.06326 2.88875 3.05414 2.71339 2.86231 2.65795 2.57642 2.3937 2.39931 2.20441 2.13205 2.34981 2.11722 2.09204 1.83978 2.07066 1.71324 1.56268 1.49241 1.65463 1.41017 1.43023 1.35487 1.17939 1.03858 1.23131 0.880809 
3.92983 4.09913 3.94423 3.72605 3.89357 3.77616 3.3854 3.47642 3.21571 3.15031 3.34382 3.17117 3.27702 3.17061 3.12721 2.73969 2.89015 2.60999 2.59488 2.65602 2.33222 2.36978 2.41732 2.45069 2.39715 2.27771 2.02638 1.93694 2.07436 1.96322 1.87459 1.69031 1.47937 1.33258 1.40129 1.2325 1.23996 1.20227 1.0434 1.04688 
3.957 4.08955 3.72817 3.87148 3.63462 3.78362 3.71608 3.33056 3.51638 3.36781 3.08362 2.9946 2.9022 3.02685 2.92765 2.78742 2.76742 2.55913 2.84745 2.56632 2.60009 2.61697 2.26097 2.13498 2.09715 1.97636 2.18743 1.79021 1.81936 1.99506 1.57709 1.49335 1.42689 1.61075 1.52204 1.55788 1.28735 1.33537 1.11862 0.946091 
4.14535 3.73792 3.85798 3.85501 3.56547 3.64192 3.39177 3.61489 3.21583 3.18718 3.09075 3.31927 3.16423 3.05061 3.07072 3.0245 2.73716 2.81096 2.76125 2.76091 2.49203 2.59052 2.22528 2.33762 2.18785 2.3094 1.99522 2.15278 1.9668 1.7338 1.77937 1.51874 1.76236 1.33389 1.37201 1.28052 1.47994 1.37514 1.30074 1.17546 
3.80472 3.78575 3.97115 3.68682 3.59306 3.65529 3.51934 3.32352 3.27777 3.29631 3.33095 3.28889 3.11279 3.19084 3.13051 2.78653 2.9795 2.61573 2.76809 2.74124 2.54281 2.55666 2.20062 2.46054 2.39777 2.27846 2.062 2.15636 2.02239 1.91341 1.88046 1.69282 1.45095 1.6207 1.2626 1.28075 1.40217 1.29446 1.10594 1.08826 
3.96246 3.81372 3.79139 3.69149 3.81637 3.73441 3.60544 3.49895 3.27786 3.24625 3.44252 3.15506 3.26724 2.9034 2.86716 2.74181 2.60162 2.70652 2.75559 2.73274 2.52078 2.41633 2.38982 2.41301 2.04564 2.26512 1.95777 1.89823 2.02268 1.85539 1.59476 1.64282 1.43983 1.46264 1.44728 1.18917 1.27193 1.09362 0.967005 1.07062 
4.19336 4.00984 3.65517 3.93746 3.53414 3.65139 3.55276 3.35422 3.3953 3.20841 3.05962 3.19711 2.99683 3.13462 2.78145 2.70144 2.75514 2.74302 2.6339 2.55195 2.48178 2.41209 2.47498 2.18116 2.18258 2.03228 2.22466 2.0884 2.09296 1.89716 1.94607 1.48286 1.45306 1.41151 1.58238 1.5176 1.28217 1.39049 1.12758 1.1505 
3.94618 3.83973 3.92212 3.70037 3.68215 3.66691 3.5395 3.59558 3.47615 3.31888 3.44913 3.08204 3.08551 3.21081 2.99913 2.72527 2.6076 2.72376 2.4657 2.74182 2.46566 2.31151 2.4371 2.09474 2.09222 2.14488 1.99944 1.81183 1.89888 1.85447 1.86678 1.85033 1.72576 1.67105 1.44223 1.26837 1.23776 1.12336 1.03718 1.27454 
3.84039 3.95749 3.75487 3.77488 3.58992 3.70118 3.62112 3.39132 3.28075 3.18824 3.20484 3.10843 3.05145 3.21197 2.93675 2.81901 2.9025 2.62474 2.53602 2.56312 2.37052 2.33744 2.50996 2.29115 2.35095 2.15593 1.90321 1.89644 1.73371 1.63542 1.80404 1.72017 1.47308 1.70431 1.26782 1.41847 1.41403 1.20439 1.07742 1.10093 
4.1623 4.11544 3.79191 3.68977 3.73495 3.53768 3.42986 3.62946 3.20334 3.46142 3.06284 3.1141 3.1518 3.04983 2.80503 2.6754 2.84248 2.76747 2.78548 2.48099 2.45716 2.28879 2.46336 2.30482 2.37917 2.06809 2.13202 1.77725 2.05265 1.74269 1.94818 1.64488 1.502 1.70859 1.47905 1.22031 1.49984 1.12794 1.24143 0.972163 
3.87711 3.92377 4.03926 3.88618 3.60466 3.81994 3.74163 3.53075 3.32245 3.34137 3.10755 3.04172 3.17646 3.20065 2.84284 2.69592 2.98126 2.77249 2.71732 2.64126 2.4864 2.48922 2.52208 2.42293 2.31764 2.15397 1.92916 2.02144 1.90479 1.70324 1.62292 1.61714 1.40835 1.39422 1.41786 1.21935 1.15606 1.31057 1.31806 0.911777 
3.85453 3.72688 3.67293 3.75232 3.60625 3.67611 3.67333 3.47991 3.39307 3.47405 3.13304 3.22877 3.21751 2.87023 2.77526 2.97374 2.98587 2.62739 2.79382 2.6997 2.45488 2.25686 2.34985 2.13436 2.31822 2.14588 1.99318 2.16287 1.78532 1.7503 1.59532 1.51822 1.77839 1.46482 1.41789 1.31122 1.49673 1.37255 1.07869 0.923881 
3.91612 3.89902 3.91454 3.82965 3.63748 3.57665 3.39885 3.45348 3.49268 3.35001 3.27354 3.31003 3.01011 3.00587 2.97398 2.99928 2.6784 2.60142 2.60223 2.74433 2.54014 2.44062 2.51141 2.42789 2.09098 2.20856 2.01251 1.9545 1.77166 2.01483 1.76236 1.7602 1.44382 1.68513 1.37009 1.35238 1.13348 1.17422 1.10196 1.1916 
3.89985 3.91006 3.96163 3.84079 3.69192 3.72617 3.68334 3.51599 3.41605 3.1262 3.23405 3.35816 2.91366 2.93498 3.0814 2.85206 2.86596 2.74175 2.48475 2.73054 2.3437 2.30938 2.50165 2.13017 2.3137 2.20164 2.05332 1.96574 1.73978 1.84924 1.9411 1.82561 1.67789 1.65738 1.39061 1.3526 1.14505 1.3648 1.32855 1.11531 
3.93288 3.83358 3.75025 3.87389 3.62577 3.62364 3.36132 3.35196 3.47234 3.39193 3.3237 3.3251 3.06218 3.12961 3.10544 2.79287 2.76808 2.8153 2.54605 2.61599 2.67302 2.28779 2.26783 2.35587 2.33288 2.10578 2.15669 1.9618 2.07004 1.90636 1.80488 1.60889 1.77486 1.45716 1.396 1.38604 1.17342 1.09871 1.13052 1.1484 
4.07551 3.99819 3.85858 3.94112 3.6295 3.66932 3.70004 3.51334 3.4842 3.17437 3.05503 3.28366 2.93576 3.22132 3.14852 2.98608 2.69702 2.89436 2.80504 2.64982 2.30095 2.53466 2.41741 2.12645 2.10912 1.98646 2.06389 1.92121 1.71595 1.87028 1.73073 1.76462 1.56809 1.52217 1.47953 1.31901 1.43082 1.19073 1.32758 0.94955 
4.13349 3.82958 3.99817 3.79512 3.57264 3.50281 3.56435 3.53 3.28642 3.51857 3.1593 3.02625 2.94338 2.87383 3.02574 2.99077 2.92455 2.84192 2.68355 2.70373 2.49055 2.59164 2.5451 2.1802 2.284 2.16437 2.12553 1.98033 1.70847 1.97672 1.92339 1.67391 1.6896 1.43936 1.55681 1.5744 1.11836 1.2334 1.24632 0.936006 
3.83996 3.76739 3.7733 3.77362 3.57955 3.76758 3.66278 3.54988 3.4722 3.17313 3.29483 3.0792 2.93464 2.9291 2.95065 2.90034 2.74027 2.54761 2.55664 2.49005 2.41404 2.23196 2.53499 2.29132 2.05574 2.13913 2.1073 2.07599 2.08581 1.96642 1.68247 1.69053 1.76547 1.40017 1.49364 1.38052 1.2951 1.07599 1.14771 1.03894 
4.02232 3.84786 3.7458 3.74674 3.69351 3.53183 3.65988 3.40019 3.38469 3.35453 3.08294 3.05798 3.2469 2.84817 3.05927 3.02273 2.82775 2.80203 2.4721 2.75046 2.52497 2.35183 2.26142 2.08338 2.24795 2.24164 2.24353 2.09874 1.9552 1.94142 1.57668 1.56362 1.77668 1.35519 1.50007 1.43433 1.13939 1.22238 1.05117 0.897875 
3.82896 3.91017 4.04539 3.84222 3.81458 3.59495 3.63173 3.38126 3.3272 3.1945 3.34475 3.09654 3.24429 3.1469 3.04998 2.89764 2.7986 2.52946 2.57658 2.42831 2.42927 2.5553 2.50705 2.27317 2.32471 2.02926 2.10255 2.10235 2.06337 1.62532 1.76469 1.71702 1.49768 1.4313 1.25676 1.3121 1.33677 1.10035 0.962674 1.15015 
4.18709 3.7933 3.70048 3.88646 3.73943 3.67966 3.37356 3.5772 3.21995 3.39285 3.39257 3.3656 3.21598 3.04968 3.08887 2.68884 2.94092 2.8839 2.73293 2.65883 2.68671 2.47402 2.19731 2.40604 2.33298 1.94931 2.15594 2.02059 1.92441 1.92586 1.92093 1.6431 1.62083 1.48684 1.25725 1.33058 1.47477 1.33098 1.10343 1.02872 
4.06829 3.82301 3.99515 3.81052 3.7883 3.74042 3.40942 3.38855 3.59383 3.31338 3.40451 3.10924 3.03865 3.09581 2.87425 2.94331 2.80704 2.71002 2.63897 2.52594 2.43499 2.32611 2.44213 2.39221 2.01645 2.17317 1.88448 2.06861 1.88251 1.98821 1.8333 1.81296 1.69455 1.67025 1.32007 1.19976 1.38348 1.09432 1.34617 1.17952 
4.0334 3.91481 3.68111 3.82921 3.6389 3.64124 3.42617 3.34593 3.36665 3.30338 3.16899 3.31072 2.99144 3.07665 2.83563 2.88039 2.98065 2.58815 2.6567 2.39239 2.62019 2.35513 2.32439 2.08282 2.06916 2.09564 1.86436 2.15011 2.08778 1.80141 1.58755 1.54711 1.57964 1.71405 1.45907 1.30123 1.21895 1.04853 1.04265 0.910931 
3.95328 3.8524 4.04475 3.90742 3.68516 3.60188 3.40684 3.45414 3.44237 3.21743 3.17559 3.1785 3.0502 2.89266 2.90728 2.71771 2.87614 2.87309 2.71784 2.66931 2.5464 2.48671 2.26293 2.22289 2.36256 2.15195 1.9794 1.90905 1.78871 1.8697 1.90238 1.66053 1.49564 1.43188 1.59269 1.21181 1.18109 1.35603 0.951215 1.12 
4.02498 4.11477 3.81079 3.82196 3.6199 3.64242 3.50527 3.30049 3.23293 3.40204 3.43465 3.21243 3.16865 3.15888 2.84502 2.77234 2.67384 2.76684 2.46241 2.54377 2.54461 2.49227 2.21599 2.46513 2.258 2.02835 1.85862 1.85591 2.094 2.01371 1.8268 1.76455 1.66849 1.69061 1.57268 1.49815 1.10896 1.22084 1.26777 1.19037 
3.91848 3.97894 3.77196 3.792 3.60833 3.5036 3.37242 3.44098 3.57748 3.28009 3.36566 3.15721 2.9919 3.14764 3.04502 2.77931 2.98103 2.53116 2.79412 2.58702 2.4802 2.31218 2.25096 2.19258 2.20158 2.17633 2.1821 1.84501 1.72977 1.82281 1.5541 1.86401 1.73677 1.43141 1.61105 1.31144 1.37974 1.05766 1.32494 1.22157 
3.85495 3.88858 3.97427 3.69038 3.72828 3.58373 3.72408 3.38408 3.28824 3.24197 3.31784 3.15788 3.08393 2.99138 2.96456 2.84255 2.87371 2.63155 2.69703 2.60811 2.48171 2.42352 2.49173 2.21936 2.06858 2.14128 1.94233 1.9343 1.78643 1.6893 1.59691 1.81122 1.68723 1.6627 1.55287 1.22624 1.47492 1.26547 1.00554 1.24947 
4.13486 3.98442 3.68579 3.92289 3.65232 3.51381 3.37628 3.46937 3.48355 3.18963 3.31204 3.02907 3.21013 3.0716 2.81647 2.78204 2.91187 2.91113 2.56171 2.52214 2.51193 2.28142 2.16164 2.25737 2.28414 2.16966 1.85348 1.97952 1.93077 1.82591 1.58539 1.7554 1.61757 1.34015 1.43082 1.44188 1.1069 1.19361 1.20604 1.14722 
4.18398 3.82388 3.80488 3.86575 3.88429 3.7037 3.60801 3.52564 3.45467 3.23182 3.08623 3.01985 3.29903 3.09378 3.04329 2.89976 2.94022 2.79368 2.61791 2.51649 2.63915 2.53941 2.31647 2.36025 2.23769 2.05609 2.14377 1.9252 1.72543 1.87916 1.9268 1.51019 1.71757 1.70054 1.52892 1.18916 1.3029 1.19232 1.1264 1.18551 
3.96143 3.9116 3.96652 3.92158 3.5533 3.65092 3.4959 3.29744 3.32781 3.43991 3.3914 3.18872 3.23412 3.19388 2.96595 3.01546 2.65587 2.56064 2.7878 2.75614 2.33647 2.55961 2.40372 2.44921 2.21634 2.05511 2.23951 1.9148 1.89283 1.66989 1.6037 1.65124 1.73561 1.69644 1.62188 1.33683 1.10405 1.35322 1.01111 0.974357 
3.80613 3.80951 3.90516 3.84138 3.55639 3.78253 3.42231 3.64592 3.47913 3.21705 3.42543 3.17554 3.24275 3.22374 3.09342 2.7547 2.92668 2.56189 2.76264 2.61069 2.47612 2.34758 2.53375 2.26065 2.02714 2.11649 1.93265 1.88317 1.73921 1.88062 1.6445 1.53499 1.55587 1.34339 1.32356 1.45116 1.25284 1.35274 1.18269 0.897165 
4.02845 4.03115 3.89976 3.73749 3.53912 3.58487 3.35264 3.28474 3.21194 3.43 3.1536 3.30742 2.94729 3.19388 2.77197 2.8128 2.98829 2.84317 2.83457 2.69043 2.46441 2.54129 2.41091 2.27461 2.21117 2.05887 2.1411 2.16792 1.95395 1.84712 1.83069 1.52876 1.52015 1.43945 1.56346 1.35675 1.30364 1.08319 1.289 1.1016 
3.89714 3.88556 3.92386 3.89863 3.68288 3.59408 3.41238 3.57474 3.38711 3.30204 3.21622 2.99935 3.27306 3.22127 3.02089 3.05259 2.76849 2.61123 2.6821 2.61037 2.49694 2.50297 2.35904 2.17177 2.1689 2.19126 1.99818 1.83501 2.02475 1.68065 1.66369 1.66474 1.50777 1.57953 1.36336 1.47753 1.4842 1.07352 0.956321 1.04237 
4.13504 3.83764 4.0458 3.6928 3.60128 3.58036 3.60419 3.47248 3.49067 3.46859 3.36542 3.02094 2.99601 2.91348 2.96812 2.89622 2.85341 2.71431 2.72155 2.74459 2.35655 2.35424 2.20296 2.38781 2.27199 2.25159 1.8605 2.14323 1.9522 1.70491 1.94509 1.82933 1.77065 1.52751 1.28398 1.38665 1.47602 1.30528 0.956583 0.929834 
4.00505 3.79132 4.02682 3.75145 3.74369 3.81634 3.57134 3.38878 3.21361 3.17926 3.07677 3.02512 3.28835 2.89833 2.91223 2.91661 2.85269 2.90876 2.82611 2.60539 2.62109 2.38145 2.20436 2.19818 2.02991 2.0955 2.10775 2.003 1.84871 1.8985 1.81213 1.67759 1.41727 1.5775 1.48079 1.24558 1.2357 1.12325 1.3104 1.24752 
3.85952 3.91854 3.91893 3.91434 3.64613 3.73989 3.7085 3.36469 3.47244 3.24372 3.10683 3.13122 2.92572 3.11111 2.82961 2.86473 2.9141 2.75636 2.48072 2.61894 2.50469 2.25018 2.51232 2.24161 2.03981 2.03112 1.88566 2.00726 2.02238 1.63247 1.70611 1.79197 1.52392 1.38906 1.44005 1.25223 1.18921 1.02886 1.07584 1.25019 
4.10099 4.05181 3.8401 3.8152 3.6861 3.56478 3.74303 3.30891 3.44462 3.17238 3.30869 3.35765 3.2973 2.98075 2.80423 2.92204 2.73544 2.6811 2.46383 2.55604 2.69506 2.27511 2.32333 2.1967 2.29553 2.25087 2.10065 2.02189 1.84406 1.90899 1.80014 1.8229 1.66814 1.54107 1.49357 1.23074 1.3621 1.04291 1.17124 0.920016 

