5 5 5
1.78182 4.86665 5.224 1.19929 1.21986 
1.62901 3.29431 3.24243 2.9794 1.92924 
3.96276 4.89711 5.54635 3.45941 0.605785 
4.47542 0.901524 4.61489 3.65411 0.271137 
2.47623 0.871409 3.94348 0.496155 4.08105 

2.48642 1.19737 2.25705 2.91393 4.9919 
1.78586 3.40983 1.3519 0.730318 5.45467 
1.67756 0.494619 4.53547 3.79858 2.0105 
3.98349 4.28761 3.10919 5.55694 0.775415 
2.20445 0.555816 4.44369 3.33809 5.06399 

0.595911 2.57109 2.6782 4.09984 5.98437 
2.70965 5.47047 4.95953 2.56638 5.43308 
3.27976 5.32629 5.66816 2.54696 4.10789 
4.02575 1.90979 2.16672 4.69086 2.34601 
3.62051 2.30364 4.33831 0.299096 1.57796 

5.5984 5.60611 3.39745 2.30813 2.56071 
0.251528 0.637921 5.76114 5.26355 0.871028 
3.34565 3.87793 0.259339 1.58735 1.73895 
1.43636 1.39619 5.50663 1.19825 2.98785 
1.50784 4.34708 3.9386 0.200489 2.56771 

3.44939 0.251483 5.58025 3.75995 3.00372 
4.71774 1.53949 4.94434 4.96182 3.37349 
4.19332 5.50478 0.256875 0.278167 0.465348 
2.4721 1.6667 2.44537 3.92003 2.03188 
3.88656 4.62777 3.34576 1.71028 2.76923 

